Time		GUID
1722348238 	 2
1722348243 	 2
1722348248 	 2
1722348253 	 2
1722348257 	 2
1722348262 	 2
1722348267 	 2
1722348272 	 2
1722348277 	 2
1722348282 	 2
1722348286 	 2
1722348291 	 2
1722348296 	 2
1722348301 	 2
1722348306 	 2
1722348310 	 2
1722348315 	 2
1722348320 	 2
1722348326 	 2
1722348331 	 2
1722348338 	 2
1722348343 	 2
1722348348 	 2
1722348353 	 2
1722348358 	 2
1722348363 	 2
1722348371 	 4
1722348376 	 4
1722348381 	 4
1722348386 	 4
1722348390 	 4
1722348395 	 4
1722348400 	 4
1722348405 	 4
1722348410 	 4
1722348414 	 4
1722348419 	 4
1722348424 	 4
1722348429 	 4
1722348434 	 4
1722348438 	 4
1722348443 	 4
1722348448 	 4
1722348453 	 4
1722348458 	 4
1722348463 	 4
1722348467 	 4
1722348472 	 4
1722348477 	 4
1722348482 	 4
1722348487 	 4
1722348491 	 4
1722348496 	 4
1722348503 	 4
1722348508 	 4
1722348513 	 4
1722348518 	 4
1722348523 	 4
1722348527 	 4
1722348532 	 4
1722348537 	 4
1722348542 	 4
1722348547 	 4
1722348551 	 4
1722348556 	 4
1722348561 	 4
1722348566 	 4
1722348571 	 4
1722348575 	 4
1722348580 	 4
1722348585 	 4
1722348590 	 4
1722348595 	 4
1722348599 	 4
1722348604 	 4
1722348609 	 4
1722348614 	 4
1722348618 	 4
1722348623 	 4
1722348628 	 4
1722348633 	 4
1722348638 	 4
1722348643 	 4
1722348648 	 4
1722348653 	 4
1722348657 	 4
1722348662 	 4
1722348667 	 4
1722348672 	 4
1722348676 	 4
1722348681 	 4
1722348686 	 4
1722348691 	 4
1722348696 	 4
1722348700 	 4
1722348705 	 4
1722348710 	 4
1722348715 	 4
1722348720 	 4
1722348724 	 4
1722348729 	 4
1722348734 	 4
1722348739 	 4
1722348744 	 4
1722348748 	 4
1722348753 	 4
1722348758 	 4
1722348763 	 4
1722348768 	 4
1722348773 	 4
1722348778 	 4
1722348782 	 4
1722348787 	 4
1722348792 	 4
1722348797 	 4
1722348802 	 4
1722348806 	 4
1722348811 	 4
1722348816 	 4
1722348821 	 4
1722348825 	 4
1722348830 	 4
1722348835 	 4
1722348840 	 4
1722348845 	 4
1722348850 	 4
1722348854 	 4
1722348859 	 4
1722348864 	 4
1722348869 	 4
1722348873 	 4
1722348878 	 4
1722348883 	 4
1722348888 	 4
1722348893 	 4
1722348897 	 4
1722348903 	 4
1722348908 	 4
1722348912 	 4
1722348917 	 4
1722348922 	 4
1722348927 	 4
1722348931 	 4
1722348936 	 4
1722348941 	 4
1722348946 	 4
1722348951 	 4
1722348955 	 4
1722348960 	 4
1722348965 	 4
1722348970 	 4
1722348975 	 4
1722348979 	 4
1722348984 	 4
1722348989 	 4
1722348994 	 4
1722348999 	 4
1722349003 	 4
1722349008 	 4
1722349013 	 4
1722349018 	 4
1722349022 	 4
1722349027 	 4
1722349032 	 4
1722349038 	 4
1722349043 	 4
1722349048 	 4
1722349052 	 4
1722349057 	 4
1722349062 	 4
1722349067 	 4
1722349071 	 4
1722349076 	 4
1722349081 	 4
1722349086 	 4
1722349091 	 4
1722349095 	 4
1722349100 	 4
1722349105 	 4
1722349110 	 4
1722349115 	 4
1722349119 	 4
1722349124 	 4
1722349129 	 4
1722349134 	 4
1722349138 	 4
1722349143 	 4
1722349148 	 4
1722349153 	 4
1722349158 	 4
1722349162 	 4
1722349167 	 4
1722349172 	 4
1722349177 	 4
1722349182 	 4
1722349187 	 4
1722349192 	 4
1722349196 	 4
1722349201 	 4
1722349206 	 4
1722349211 	 4
1722349216 	 4
1722349220 	 4
1722349225 	 4
1722349230 	 4
1722349235 	 4
1722349240 	 4
1722349244 	 4
1722349249 	 4
1722349254 	 4
1722349259 	 4
1722349264 	 4
1722349268 	 4
1722349273 	 4
1722349278 	 4
1722349283 	 4
1722349288 	 4
1722349292 	 4
1722349297 	 4
1722349303 	 4
1722349307 	 4
1722349312 	 4
1722349317 	 4
1722349322 	 4
1722349327 	 4
1722349331 	 4
1722349336 	 4
1722349341 	 4
1722349346 	 4
1722349351 	 4
1722349355 	 4
1722349360 	 4
1722349365 	 4
1722349370 	 4
1722349375 	 4
1722349379 	 4
1722349384 	 4
1722349389 	 4
1722349394 	 4
1722349399 	 4
1722349403 	 4
1722349408 	 4
1722349413 	 4
1722349418 	 4
1722349423 	 4
1722349427 	 4
1722349432 	 4
1722349437 	 4
1722349442 	 4
1722349447 	 4
1722349452 	 4
1722349457 	 4
1722349461 	 4
1722349466 	 4
1722349471 	 4
1722349476 	 4
1722349481 	 4
1722349485 	 4
1722349490 	 4
1722349495 	 4
1722349500 	 4
1722349505 	 4
1722349509 	 4
1722349514 	 4
1722349519 	 4
1722349524 	 4
1722349528 	 4
1722349533 	 4
1722349538 	 4
1722349543 	 4
1722349548 	 4
1722349552 	 4
1722349557 	 4
1722349562 	 4
1722349567 	 4
1722350048 	 2
1722350053 	 2
1722350057 	 2
1722350062 	 2
1722350067 	 2
1722350072 	 2
1722350077 	 2
1722350081 	 2
1722350086 	 2
1722350091 	 2
1722350096 	 2
1722350101 	 2
1722350106 	 2
1722350110 	 2
1722350115 	 2
1722350120 	 2
1722350125 	 2
1722350130 	 2
1722350134 	 2
1722350139 	 2
1722350144 	 2
1722350149 	 2
1722350154 	 2
1722350159 	 2
1722350163 	 2
1722350168 	 2
1722350173 	 2
1722350178 	 2
1722350183 	 2
1722350188 	 2
1722350193 	 2
1722350198 	 2
1722350202 	 2
1722350207 	 2
1722350212 	 2
1722350217 	 2
1722350221 	 2
1722350226 	 2
1722350231 	 2
1722350236 	 2
1722350241 	 2
1722350245 	 2
1722350250 	 2
1722350255 	 2
1722350260 	 2
1722350265 	 2
1722350269 	 2
1722350274 	 2
1722350279 	 2
1722350284 	 2
1722350289 	 2
1722350293 	 2
1722350298 	 2
1722350303 	 2
1722350308 	 2
1722350313 	 2
1722350318 	 2
1722350323 	 2
1722350327 	 2
1722350332 	 2
1722350508 	 5
1722350513 	 5
1722350518 	 5
1722350523 	 5
1722350528 	 5
1722350532 	 5
1722350537 	 5
1722350542 	 5
1722350547 	 5
1722350552 	 5
1722350557 	 5
1722350561 	 5
1722350566 	 5
1722350571 	 5
1722350576 	 5
1722350580 	 5
1722350585 	 5
1722350590 	 5
1722350595 	 5
1722350600 	 5
1722350604 	 5
1722350610 	 5
1722350614 	 5
1722350619 	 5
1722350624 	 5
1722350629 	 5
1722350634 	 5
1722350639 	 5
1722350644 	 5
1722350649 	 5
1722350653 	 5
1722350658 	 5
1722350663 	 5
1722350668 	 5
1722350673 	 5
1722350677 	 5
1722350682 	 5
1722350687 	 5
1722350692 	 5
1722350696 	 5
1722350701 	 5
1722350706 	 5
1722350711 	 5
1722350716 	 5
1722350720 	 5
1722350725 	 5
1722350730 	 5
1722350735 	 5
1722350740 	 5
1722350744 	 5
1722350749 	 5
1722350754 	 5
1722350759 	 5
1722350764 	 5
1722350768 	 5
1722350774 	 5
1722350779 	 5
1722350783 	 5
1722350788 	 5
1722350793 	 5
1722350798 	 5
1722350802 	 5
1722350807 	 5
1722350812 	 5
1722350817 	 5
1722350822 	 5
1722350826 	 5
1722350831 	 5
1722350836 	 5
1722350841 	 5
1722350846 	 5
1722350850 	 5
1722350855 	 5
1722350860 	 5
1722350865 	 5
1722350870 	 5
1722350874 	 5
1722350879 	 5
1722350884 	 5
1722350889 	 5
1722350894 	 5
1722350898 	 5
1722350904 	 5
1722350909 	 5
1722350913 	 5
1722350918 	 5
1722350923 	 5
1722350928 	 5
1722350932 	 5
1722350937 	 5
1722350942 	 5
1722350947 	 5
1722350952 	 5
1722350956 	 5
1722350961 	 5
1722350966 	 5
1722350971 	 5
1722350976 	 5
1722350980 	 5
1722350985 	 5
1722350990 	 5
1722350995 	 5
1722350999 	 5
1722351004 	 5
1722351009 	 5
1722351014 	 5
1722351019 	 5
1722351023 	 5
1722351028 	 5
1722351033 	 5
1722351039 	 5
1722351043 	 5
1722351048 	 5
1722351053 	 5
1722351058 	 5
1722351063 	 5
1722351067 	 5
1722351072 	 5
1722351077 	 5
1722351082 	 5
1722351086 	 5
1722351091 	 5
1722351096 	 5
1722351101 	 5
1722351106 	 5
1722351110 	 5
1722351115 	 5
1722351120 	 5
1722351125 	 5
1722351130 	 5
1722351134 	 5
1722351139 	 5
1722351144 	 5
1722351149 	 5
1722351153 	 5
1722351158 	 5
1722351163 	 5
1722351168 	 5
1722351173 	 5
1722351178 	 5
1722351183 	 5
1722351187 	 5
1722351192 	 5
1722351197 	 5
1722351202 	 5
1722351207 	 5
1722351211 	 5
1722351216 	 5
1722351221 	 5
1722351226 	 5
1722351231 	 5
1722351235 	 5
1722351240 	 5
1722351245 	 5
1722351250 	 5
1722351255 	 5
1722351259 	 5
1722351264 	 5
1722351269 	 5
1722351274 	 5
1722351279 	 5
1722351283 	 5
1722351288 	 5
1722351293 	 5
1722351298 	 5
1722351303 	 5
1722351308 	 5
1722351313 	 5
1722351318 	 5
1722351322 	 5
1722351327 	 5
1722351332 	 5
1722351337 	 5
1722351342 	 5
1722351346 	 5
1722351351 	 5
1722351356 	 5
1722351361 	 5
1722351366 	 5
1722351371 	 5
1722351375 	 5
1722351380 	 5
1722351385 	 5
1722351390 	 5
1722351395 	 5
1722351399 	 5
1722351404 	 5
1722351409 	 5
1722351414 	 5
1722351419 	 5
1722351423 	 5
1722351428 	 5
1722351433 	 5
1722351438 	 5
1722351443 	 5
1722351448 	 5
1722351453 	 5
1722351457 	 5
1722351462 	 5
1722351467 	 5
1722351472 	 5
1722351477 	 5
1722351481 	 5
1722351486 	 5
1722351491 	 5
1722351496 	 5
1722351501 	 5
1722351505 	 5
1722351510 	 5
1722351515 	 5
1722351520 	 5
1722351525 	 5
1722351529 	 5
1722351534 	 5
1722351539 	 5
1722351544 	 5
1722351548 	 5
1722351553 	 5
1722351558 	 5
1722351563 	 5
1722351568 	 5
1722351573 	 5
1722351578 	 5
1722351583 	 5
1722351588 	 5
1722351592 	 5
1722351597 	 5
1722351602 	 5
1722351607 	 5
1722351612 	 5
1722351616 	 5
1722351621 	 5
1722351626 	 5
1722351631 	 5
1722351636 	 5
1722351640 	 5
1722351645 	 5
1722351650 	 5
1722351655 	 5
1722351660 	 5
1722351664 	 5
1722351669 	 5
1722351674 	 5
1722351679 	 5
1722351684 	 5
1722351688 	 5
1722351693 	 5
1722351698 	 5
1722351703 	 5
1722351708 	 5
1722351713 	 5
1722351718 	 5
1722351723 	 5
1722351728 	 5
1722351732 	 5
1722351737 	 5
1722351742 	 5
1722351747 	 5
1722351751 	 5
1722351756 	 5
1722351761 	 5
1722351766 	 5
1722351771 	 5
1722351775 	 5
1722351780 	 5
1722351785 	 5
1722351790 	 5
1722351795 	 5
1722351799 	 5
1722351804 	 5
1722351809 	 5
1722351814 	 5
1722351819 	 5
1722351823 	 5
1722351828 	 5
1722352612 	 6
1722352617 	 6
1722352622 	 6
1722352627 	 6
1722352632 	 6
1722352636 	 6
1722352641 	 6
1722352646 	 6
1722352651 	 6
1722352656 	 6
1722352660 	 6
1722352665 	 6
1722352670 	 6
1722352675 	 6
1722352680 	 6
1722352684 	 6
1722352690 	 6
1722352694 	 6
1722352699 	 6
1722352704 	 6
1722352709 	 6
1722352714 	 6
1722352718 	 6
1722352723 	 6
1722352728 	 6
1722352733 	 6
1722352738 	 6
1722352743 	 6
1722352748 	 6
1722352753 	 6
1722352757 	 6
1722352762 	 6
1722352767 	 6
1722352772 	 6
1722352777 	 6
1722352781 	 6
1722352786 	 6
1722352791 	 6
1722352796 	 6
1722352801 	 6
1722352805 	 6
1722352810 	 6
1722352815 	 6
1722352820 	 6
1722352825 	 6
1722352829 	 6
1722352834 	 6
1722352839 	 6
1722352844 	 6
1722352849 	 6
1722352854 	 6
1722352859 	 6
1722352863 	 6
1722352868 	 6
1722352873 	 6
1722352878 	 6
1722352883 	 6
1722352888 	 6
1722352893 	 6
1722352897 	 6
1722352902 	 6
1722352907 	 6
1722352912 	 6
1722352917 	 6
1722352921 	 6
1722352926 	 6
1722352931 	 6
1722352936 	 6
1722352941 	 6
1722352945 	 6
1722352950 	 6
1722352955 	 6
1722352960 	 6
1722352965 	 6
1722352969 	 6
1722352974 	 6
1722352979 	 6
1722352984 	 6
1722352988 	 6
1722352993 	 6
1722352998 	 6
1722353003 	 6
1722353008 	 6
1722353013 	 6
1722353018 	 6
1722353023 	 6
1722353027 	 6
1722353032 	 6
1722353037 	 6
1722353042 	 6
1722353047 	 6
1722353051 	 6
1722353056 	 6
1722353061 	 6
1722353066 	 6
1722353071 	 6
1722353075 	 6
1722353080 	 6
1722353085 	 6
1722353090 	 6
1722353095 	 6
1722353099 	 6
1722353104 	 6
1722353109 	 6
1722353114 	 6
1722353119 	 6
1722353123 	 6
1722353128 	 6
1722353133 	 6
1722353138 	 6
1722353144 	 6
1722353150 	 6
1722353154 	 6
1722353159 	 6
1722353164 	 6
1722353169 	 6
1722353174 	 6
1722353178 	 6
1722353183 	 6
1722353188 	 6
1722353193 	 6
1722353198 	 6
1722353202 	 6
1722353207 	 6
1722353212 	 6
1722353217 	 6
1722353222 	 6
1722353226 	 6
1722353231 	 6
1722353236 	 6
1722353241 	 6
1722353246 	 6
1722353250 	 6
1722353255 	 6
1722353260 	 6
1722353265 	 6
1722353270 	 6
1722353274 	 6
1722353280 	 6
1722353284 	 6
1722353289 	 6
1722353294 	 6
1722353299 	 6
1722353304 	 6
1722353308 	 6
1722353313 	 6
1722353318 	 6
1722353323 	 6
1722353328 	 6
1722353332 	 6
1722353340 	 6
1722353345 	 6
1722353349 	 6
1722353354 	 6
1722353359 	 6
1722353364 	 6
1722353369 	 6
1722353373 	 6
1722353378 	 6
1722353383 	 6
1722353388 	 6
1722353393 	 6
1722353397 	 6
1722353402 	 6
1722353407 	 6
1722353412 	 6
1722353417 	 6
1722353422 	 6
1722353427 	 6
1722353432 	 6
1722353436 	 6
1722353441 	 6
1722353446 	 6
1722353451 	 6
1722353456 	 6
1722353460 	 6
1722353465 	 6
1722353470 	 6
1722353475 	 6
1722353480 	 6
1722353484 	 6
1722353489 	 6
1722353494 	 6
1722353499 	 6
1722353504 	 6
1722353508 	 6
1722353513 	 6
1722353518 	 6
1722353523 	 6
1722353528 	 6
1722353533 	 6
1722353538 	 6
1722353542 	 6
1722353549 	 6
1722353554 	 6
1722353559 	 6
1722353563 	 6
1722353568 	 6
1722353573 	 6
1722353578 	 6
1722353583 	 6
1722353587 	 6
1722353592 	 6
1722353597 	 6
1722353602 	 6
1722353607 	 6
1722353611 	 6
1722353616 	 6
1722353621 	 6
1722353626 	 6
1722353631 	 6
1722353635 	 6
1722353640 	 6
1722353645 	 6
1722353650 	 6
1722353654 	 6
1722353659 	 6
1722353664 	 6
1722353669 	 6
1722353674 	 6
1722353678 	 6
1722353684 	 6
1722353689 	 6
1722353693 	 6
1722353698 	 6
1722353703 	 6
1722353708 	 6
1722353713 	 6
1722353717 	 6
1722353722 	 6
1722353727 	 6
1722353732 	 6
1722353737 	 6
1722353741 	 6
1722353746 	 6
1722353751 	 6
1722353756 	 6
1722353760 	 6
1722353765 	 6
1722353770 	 6
1722353775 	 6
1722353780 	 6
1722353784 	 6
1722353789 	 6
1722353794 	 6
1722353799 	 6
1722353804 	 6
1722353808 	 6
1722353814 	 6
1722353818 	 6
1722353823 	 6
1722353828 	 6
1722353833 	 6
1722353838 	 6
1722353842 	 6
1722353847 	 6
1722353852 	 6
1722353857 	 6
1722353862 	 6
1722353866 	 6
1722353871 	 6
1722353876 	 6
1722353881 	 6
1722353886 	 6
1722353890 	 6
1722353895 	 6
1722353900 	 6
1722353905 	 6
1722353910 	 6
1722353914 	 6
1722353919 	 6
1722353924 	 6
1722353929 	 6
1722353939 	 7
1722353943 	 7
1722353948 	 7
1722353953 	 7
1722353958 	 7
1722353963 	 7
1722353968 	 7
1722353972 	 7
1722353977 	 7
1722353982 	 7
1722353987 	 7
1722353992 	 7
1722353997 	 7
1722354001 	 7
1722354006 	 7
1722354011 	 7
1722354016 	 7
1722354021 	 7
1722354025 	 7
1722354030 	 7
1722354035 	 7
1722354040 	 7
1722354045 	 7
1722354049 	 7
1722354054 	 7
1722354059 	 7
1722354064 	 7
1722354142 	 7
1722354147 	 7
1722354152 	 7
1722354157 	 7
1722354162 	 7
1722354167 	 7
1722354171 	 7
1722354176 	 7
1722354181 	 7
1722354186 	 7
1722354191 	 7
1722354196 	 7
1722354200 	 7
1722354205 	 7
1722354210 	 7
1722354215 	 7
1722354220 	 7
1722354224 	 7
1722354229 	 7
1722354234 	 7
1722354239 	 7
1722354244 	 7
1722354248 	 7
1722354253 	 7
1722354258 	 7
1722354263 	 7
1722354268 	 7
1722354273 	 7
1722354278 	 7
1722354283 	 7
1722354287 	 7
1722354292 	 7
1722354297 	 7
1722354302 	 7
1722354307 	 7
1722354312 	 7
1722354316 	 7
1722354321 	 7
1722354326 	 7
1722354331 	 7
1722354336 	 7
1722354340 	 7
1722354345 	 7
1722354350 	 7
1722354355 	 7
1722354360 	 7
1722354364 	 7
1722354369 	 7
1722354374 	 7
1722354379 	 7
1722354384 	 7
1722354389 	 7
1722354393 	 7
1722354398 	 7
1722354403 	 7
1722354408 	 7
1722354413 	 7
1722354418 	 7
1722354423 	 7
1722354428 	 7
1722354433 	 7
1722354437 	 7
1722354442 	 7
1722354447 	 7
1722354452 	 7
1722354457 	 7
1722354461 	 7
1722354466 	 7
1722354471 	 7
1722354476 	 7
1722354481 	 7
1722354486 	 7
1722354490 	 7
1722354495 	 7
1722354500 	 7
1722354505 	 7
1722354510 	 7
1722354515 	 7
1722354519 	 7
1722354524 	 7
1722354529 	 7
1722354534 	 7
1722354539 	 7
1722354544 	 7
1722354549 	 7
1722354554 	 7
1722354559 	 7
1722354563 	 7
1722354568 	 7
1722354573 	 7
1722354578 	 7
1722354583 	 7
1722354587 	 7
1722354592 	 7
1722354597 	 7
1722354602 	 7
1722354607 	 7
1722354612 	 7
1722354616 	 7
1722354621 	 7
1722354626 	 7
1722354631 	 7
1722354636 	 7
1722354641 	 7
1722354645 	 7
1722354650 	 7
1722354655 	 7
1722354660 	 7
1722354665 	 7
1722354670 	 7
1722354675 	 7
1722354680 	 7
1722354685 	 7
1722354692 	 7
1722354697 	 7
1722354701 	 7
1722354706 	 7
1722354711 	 7
1722354716 	 7
1722354721 	 7
1722354725 	 7
1722354730 	 7
1722354735 	 7
1722354740 	 7
1722354745 	 7
1722354749 	 7
1722354754 	 7
1722354759 	 7
1722354764 	 7
1722354769 	 7
1722354773 	 7
1722354778 	 7
1722354783 	 7
1722354788 	 7
1722354793 	 7
1722354797 	 7
1722354802 	 7
1722354807 	 7
1722354817 	 8
1722354821 	 8
1722354826 	 8
1722354831 	 8
1722354836 	 8
1722354841 	 8
1722354846 	 8
1722354850 	 8
1722354855 	 8
1722354860 	 8
1722354865 	 8
1722354870 	 8
1722354874 	 8
1722354879 	 8
1722354884 	 8
1722354889 	 8
1722354894 	 8
1722354898 	 8
1722354903 	 8
1722354908 	 8
1722354913 	 8
1722354918 	 8
1722354922 	 8
1722354927 	 8
1722354932 	 8
1722354937 	 8
1722354942 	 8
1722354947 	 8
1722354952 	 8
1722354956 	 8
1722354961 	 8
1722354966 	 8
1722354971 	 8
1722354976 	 8
1722354980 	 8
1722354985 	 8
1722354990 	 8
1722354995 	 8
1722355000 	 8
1722355004 	 8
1722355009 	 8
1722355014 	 8
1722355019 	 8
1722355024 	 8
1722355028 	 8
1722355033 	 8
1722355038 	 8
1722355043 	 8
1722355048 	 8
1722355052 	 8
1722355057 	 8
1722355062 	 8
1722355067 	 8
1722355072 	 8
1722355076 	 8
1722355369 	 8
1722355373 	 8
1722355378 	 8
1722355383 	 8
1722355388 	 8
1722355393 	 8
1722355397 	 8
1722355402 	 8
1722355407 	 8
1722355412 	 8
1722355417 	 8
1722355421 	 8
1722355426 	 8
1722355431 	 8
1722355436 	 8
1722355441 	 8
1722355446 	 8
1722355450 	 8
1722355455 	 8
1722355460 	 8
1722355465 	 8
1722355470 	 8
1722355474 	 8
1722355479 	 8
1722355484 	 8
1722355489 	 8
1722355493 	 8
1722355498 	 8
1722355504 	 8
1722355508 	 8
1722355513 	 8
1722355518 	 8
1722355523 	 8
1722355528 	 8
1722355532 	 8
1722355537 	 8
1722355542 	 8
1722355547 	 8
1722355552 	 8
1722355556 	 8
1722355561 	 8
1722355566 	 8
1722355571 	 8
1722355576 	 8
1722355580 	 8
1722355585 	 8
1722355590 	 8
1722355595 	 8
1722355600 	 8
1722355604 	 8
1722355609 	 8
1722355614 	 8
1722355619 	 8
1722355624 	 8
1722355628 	 8
1722355634 	 8
1722355639 	 8
1722355643 	 8
1722355648 	 8
1722355653 	 8
1722355658 	 8
1722355662 	 8
1722355667 	 8
1722355672 	 8
1722355677 	 8
1722355682 	 8
1722355687 	 8
1722355691 	 8
1722355696 	 8
1722355701 	 8
1722355706 	 8
1722355711 	 8
1722355715 	 8
1722355720 	 8
1722355725 	 8
1722355730 	 8
1722355734 	 8
1722355739 	 8
1722355744 	 8
1722355749 	 8
1722355754 	 8
1722355758 	 8
1722355763 	 8
1722355768 	 8
1722355773 	 8
1722355778 	 8
1722355783 	 8
1722355788 	 8
1722355792 	 8
1722355797 	 8
1722355802 	 8
1722355807 	 8
1722355812 	 8
1722355816 	 8
1722355821 	 8
1722355826 	 8
1722355831 	 8
1722355836 	 8
1722355840 	 8
1722355845 	 8
1722355850 	 8
1722355855 	 8
1722355860 	 8
1722355864 	 8
1722355869 	 8
1722355874 	 8
1722355879 	 8
1722355883 	 8
1722355888 	 8
1722355893 	 8
1722355898 	 8
1722355904 	 8
1722355908 	 8
1722355913 	 8
1722355918 	 8
1722355923 	 8
1722355928 	 8
1722355933 	 8
1722355937 	 8
1722355942 	 8
1722355947 	 8
1722355952 	 8
1722355956 	 8
1722355961 	 8
1722355966 	 8
1722355971 	 8
1722355976 	 8
1722355981 	 8
1722355985 	 8
1722355990 	 8
1722355995 	 8
1722356000 	 8
1722356005 	 8
1722356009 	 8
1722356014 	 8
1722356019 	 8
1722356024 	 8
1722356028 	 8
1722356034 	 8
1722356039 	 8
1722356043 	 8
1722356048 	 7
1722356052 	 7
1722356057 	 7
1722356062 	 7
1722356067 	 7
1722356072 	 7
1722356076 	 7
1722356081 	 7
1722356086 	 7
1722356091 	 7
1722356096 	 7
1722356100 	 7
1722356105 	 7
1722356110 	 7
1722356115 	 7
1722356120 	 7
1722356124 	 7
1722356129 	 7
1722356134 	 7
1722356139 	 7
1722356144 	 7
1722356148 	 7
1722356153 	 7
1722356158 	 7
